0.501035
0.807937
1.66341
4.13311
11.6303
34.3181
95.4289
215.453
349.896
421.531
422.772
380.025
313.656
237.185
161.716
97.0282
49.8693
21.5108
7.75847
2.38345
0.647495
0.16341
0.0404624
0.0103935
0.00292373
0.000947324
0.000369807
0.000180615
0.000113614
9.38302e-05
0.000102646
0.000148532
0.000281132
0.000681897
0.00205873
0.00745593
0.0310063
0.140982
0.664839
3.07524
13.1222
47.7381
131.915
245.908
311.001
302.181
249.043
180.382
114.496
62.4655
28.6879
10.9923
3.55512
1.0022
0.257927
0.0639275
0.0161337
0.00438029
0.00134756
0.000492366
0.000222451
0.000128326
9.66772e-05
9.62984e-05
0.000127077
0.00022039
0.000493647
0.00139097
0.00476354
0.0190193
0.0844353
0.395802
1.8547
8.19182
31.7716
97.6986
209.379
298.088
311.764
269.642
203.688
135.333
77.8522
37.9361
15.4378
5.26915
1.54786
0.408301
0.101847
0.0253914
0.00668794
0.00196271
0.000673896
0.000282531
0.000149785
0.000103042
9.34471e-05
0.000112324
0.000178107
0.000367248
0.000961898
0
