0
235921
356561
449398
510834
534272
504970
402097
239418
91966.9
1451.12
-52633.2
-94770.7
-137983
-189110
-252229
-328643
-415176
-503517
-582751
-643459
-679827
-689230
-671108
-626244
-556451
-464457
-353833
-228887
-94464.1
44337.4
182452
315028
437495
545584
635425
703692
747766
765774
756234
716402
637649
501869
307511
115953
-14205.3
-95493.3
-159261
-224428
-299181
-384212
-473651
-557354
-625188
-670166
-688755
-679822
-643758
-582049
-497129
-392297
-271632
-139830
-1938.79
136938
271866
398177
511498
607811
683587
735960
762818
762639
733433
669255
554644
376370
174417
22149
-71669.8
-138503
-201872
-273011
-354966
-443930
-530763
-604850
-657992
-685598
-685859
-658722
-605336
-527828
-429216
-313333
-184694
-48262
90845.8
227622
357307
475425
0
