-11.8939
-9.66577
-7.06446
-4.75851
-3.0367
-1.89838
-1.21774
-0.855082
-0.69276
-0.638946
-0.638132
-0.668358
-0.726438
-0.820142
-0.968508
-1.20898
-1.61405
-2.32518
-3.62019
-6.04314
-10.6408
-19.3454
-35.4624
-63.9793
-110.963
-180.995
-272.286
-371.656
-454.512
-493.875
-474.992
-404.59
-306.702
-208.763
-129.216
-73.9044
-39.8067
-20.6259
-10.5194
-5.41021
-2.88168
-1.64495
-1.05805
-0.807383
-0.729124
-0.738288
-0.802955
-0.923649
-1.12514
-1.46371
-2.05197
-3.11201
-5.08011
-8.80257
-15.868
-29.0758
-52.8604
-93.1017
-155.318
-240.467
-339.515
-431.108
-487.508
-488.339
-432.943
-340.891
-240.196
-153.195
-89.7724
-49.216
-25.7674
-13.1758
-6.73837
-3.53577
-1.963
-1.20537
-0.865766
-0.742672
-0.728348
-0.775724
-0.876186
-1.04637
-1.33026
-1.81754
-2.68538
-4.28237
-7.28876
-12.9992
-23.7531
-43.4135
-77.4758
-131.923
-209.836
-306.042
-403.118
-474.198
-494.753
-456.771
-373.919
-273.109
-179.799
0
