-29.1578
-2583.97
-2152.74
-1710.21
-1316.57
-1001.44
-773.258
-629.363
-556.746
-531.134
-530.74
-545.239
-572.352
-614.256
-676.715
-770.016
-911.144
-1126.99
-1458.47
-1965.6
-2732.72
-3870.65
-5508.88
-7768.05
-10704.9
-14234.2
-18056.1
-21642.9
-24334.2
-25540.3
-24966.9
-22739.9
-19352.2
-15468
-11697.7
-8448.65
-5892.4
-4017.86
-2714.52
-1842.95
-1277
-921.261
-712.478
-608.672
-573.583
-577.771
-606.726
-658.28
-738.451
-860.711
-1047.86
-1335.49
-1776.6
-2446.96
-3448.79
-4907.27
-6950.67
-9664.81
-13020.8
-16795.5
-20532.3
-23596.4
-25348
-25373.1
-23654.9
-20580.7
-16784.5
-12916.8
-9462
-6667.44
-4573.91
-3094.87
-2094.3
-1438.56
-1021.16
-768.676
-633.931
-579.766
-573.228
-594.656
-638.363
-707.885
-814.1
-976.381
-1225.59
-1608.36
-2192.28
-3070.64
-4362.14
-6197.68
-8684.08
-11839.8
-15514.2
-19327.9
-22691.7
-24942.6
-25566.7
-24404.6
-21719.5
-18087.9
-14179.4
0
